b8 38 68 55 b8 38 68 55 b8 38 68 55 b8 38 68 55 b8 38 68 55
b8 38 68 55 b8 38 68 55 b8 38 68 55 b8 38 68 55 b8 38 68 55
b8 38 68 55 b8 38 68 55 b8 38 68 55 b8 38 68 55 b8 38 68 55
b8 38 68 55 b8 38 68 55 b8 38 68 55 b8 38 68 55 b8 38 68 55
b8 38 68 55 b8 38 68 55 b8 38 68 55 b8 38 68 55 b8 38 68 55
b8 38 68 55 b8 38 68 55 b8 38 68 55 b8 38 68 55 b8 38 68 55
b8 38 68 55 b8 38 68 55 b8 38 68 55 b8 38 68 55 b8 38 68 55
b8 38 68 55 b8 38 68 55 b8 38 68 55 b8 38 68 55 b8 38 68 55
b8 38 68 55 b8 38 68 55 b8 38 68 55 b8 38 68 55 b8 38 68 55
b8 38 68 55 b8 38 68 55 b8 38 68 55 b8 38 68 55 b8 38 68 55
b8 38 68 55 b8 38 68 55 b8 38 68 55 b8 38 68 55 b8 38 68 55
b8 38 68 55 b8 38 68 55 b8 38 68 55 b8 38 68 55 b8 38 68 55
b8 38 68 55 b8 38 68 55 b8 38 68 55 b8 38 68 55 b8 38 68 55
b8 38 68 55 b8 38 68 55 b8 38 68 55 b8 38 68 55 b8 38 68 55
b8 38 68 55 b8 38 68 55 b8 38 68 55 b8 38 68 55 b8 38 68 55
b8 38 68 55 b8 38 68 55 b8 38 68 55 b8 38 68 55 b8 38 68 55
b8 38 68 55 b8 38 68 55 b8 38 68 55 b8 38 68 55 b8 38 68 55
b8 38 68 55 b8 38 68 55 b8 38 68 55 b8 38 68 55 b8 38 68 55
b8 38 68 55 b8 38 68 55 b8 38 68 55 b8 38 68 55 b8 38 68 55
b8 38 68 55 b8 38 68 55 b8 38 68 55 b8 38 68 55 b8 38 68 55
b8 38 68 55 b8 38 68 55 b8 38 68 55 b8 38 68 55 b8 38 68 55
b8 38 68 55 b8 38 68 55 b8 38 68 55 b8 38 68 55 b8 38 68 55
b8 38 68 55 b8 38 68 55 b8 38 68 55 b8 38 68 55 b8 38 68 55
b8 38 68 55 b8 38 68 55 b8 38 68 55 b8 38 68 55 b8 38 68 55
b8 38 68 55 b8 38 68 55 b8 38 68 55 b8 38 68 55 b8 38 68 55
b8 38 68 55 b8 38 68 55 b8 38 68 55 b8 38 68 55 b8 38 68 55
b8 38 68 55 b8 38 68 55 b8 38 68 55 b8 38 68 55 b8 38 68 55
b8 38 68 55 b8 38 68 55 b8 38 68 55 b8 38 68 55 b8 38 68 55
b8 38 68 55 b8 38 68 55 b8 38 68 55 b8 38 68 55 b8 38 68 55
b8 38 68 55 b8 38 68 55 b8 38 68 55 b8 38 68 55 b8 38 68 55
b8 38 68 55 b8 38 68 55 b8 38 68 55 b8 38 68 55 b8 38 68 55
b8 38 68 55 b8 38 68 55 b8 38 68 55 b8 38 68 55 b8 38 68 55
b8 38 68 55 b8 38 68 55 b8 38 68 55 b8 38 68 55 b8 38 68 55
b8 38 68 55 b8 38 68 55 b8 38 68 55 b8 38 68 55 b8 38 68 55